((("yas-global-mode" .
   [1 0 0 0 0 0 0 0 0 0 0 0 0 0 0])
  ("the" .
   [4 0 0])
  ("viper" .
   [1 0 0 0 0])
  ("require" .
   [0 0 0 0 1 2 0])
  ("h3" .
   [1 0])
  ("is" .
   [1 0])
  ("and" .
   [2 0 0])
  ("with" .
   [1 0 0 0])
  ("order_id" .
   [2 0 0 0 0 0 0 0])
  ("user_id" .
   [1 0 0 0 0 0 0])
  ("size" .
   [1 0 0 0])
  ("first_name" .
   [2 0 0 0 0 0 0 0 0 0])
  ("lang" .
   [1 0 0 0])
  ("last_name" .
   [1 0 0 0 0 0 0 0 0])
  ("product_id" .
   [2 0 0 0 0 0 0 0 0 0])
  ("link" .
   [1 0 0 0])))
